# [1] m:            [M_sun/h] 
# [2] sigma 
# [3] ln(1/sigma) 
# [4] n_eff 
# [5] f(sigma) 
# [6] dn/dm:        [h^4/(Mpc^3*M_sun)] 
# [7] dn/dlnm:      [h^3/Mpc^3] 
# [8] dn/dlog10m:   [h^3/Mpc^3] 
# [9] n(>m):        [h^3/Mpc^3] 
# [11] rho(>m):     [M_sun*h^2/Mpc^3] 
# [11] rho(<m):     [M_sun*h^2/Mpc^3] 
# [12] Lbox(N=1):   [Mpc/h]
1.000000000000000000e+06 4.921852578938819889e+00 -1.593685000065377277e+00 -2.623830257296612345e+00 2.209462514364482488e-01 1.043793685617493442e-03 1.043793685617493338e+03 2.403423780664153583e+03 1.148747329113139813e+03 4.061784942456111908e+10 3.473426057543888092e+10 9.548280345823498272e-02
1.122018454301962862e+06 4.886329896553965213e+00 -1.586441489294281304e+00 -2.621181127122873100e+00 2.217633821065921051e-01 8.380416658113160012e-04 9.402982145142549371e+02 2.165116651709441157e+03 1.034533818303800444e+03 4.049703130907115173e+10 3.485507869092884827e+10 9.887468266282872786e-02
1.258925411794166081e+06 4.850817739446284804e+00 -1.579147296808384615e+00 -2.618544707676003114e+00 2.225882253305089264e-01 6.728062220073409731e-04 8.470128500982688138e+02 1.950319162210674222e+03 9.316479229557980943e+02 4.037491612923738861e+10 3.497719387076261139e+10 1.023880786335246984e-01
1.412537544622752583e+06 4.815321085549476798e+00 -1.571802727460732463e+00 -2.615924110839309868e+00 2.234207595487699149e-01 5.401131313377883526e-04 7.629300763583858043e+02 1.756711420819628302e+03 8.389721583800409235e+02 4.025149794945260620e+10 3.510061205054739380e+10 1.060272466666448560e-01
1.584893192461110884e+06 4.779844551680917597e+00 -1.564408025405713776e+00 -2.613319972558531656e+00 2.242609679576720583e-01 4.335603922834220980e-04 6.871469142507644392e+02 1.582214241450668169e+03 7.554990168232839096e+02 4.012677141402097321e+10 3.522533858597902679e+10 1.097965512130019833e-01
1.778279410038919188e+06 4.744392506020991718e+00 -1.556963395629748170e+00 -2.610726580285919862e+00 2.251088360401298227e-01 3.480097890283087082e-04 6.188586423210294925e+02 1.424974684478936751e+03 6.803192936750441504e+02 4.000073032098282623e+10 3.535137967901717377e+10 1.137005077545795995e-01
1.995262314968874678e+06 4.708969253750525219e+00 -1.549469041987718176e+00 -2.608136996382922845e+00 2.259643471708272511e-01 2.793304954885613648e-04 5.573376110699097126e+02 1.283317275014487450e+03 6.126119946877088296e+02 3.987336637752731323e+10 3.547874362247268677e+10 1.177438325767783400e-01
2.238721138568333350e+06 4.673578872168318910e+00 -1.541925131965051099e+00 -2.605554368931536580e+00 2.268274865502486470e-01 2.241955551164274659e-04 5.019113284122080358e+02 1.155693542806789083e+03 5.516367242421771380e+02 3.974467062350297546e+10 3.560743937649702454e+10 1.219314138620633120e-01
2.511886431509572081e+06 4.638225093288991907e+00 -1.534331770059516931e+00 -2.602980423926821718e+00 2.276982441997768836e-01 1.799350506808086887e-04 4.519764123581105082e+02 1.040714149480715150e+03 4.967265319349897936e+02 3.961463484062424469e+10 3.573747515937575531e+10 1.262682652931733651e-01
2.818382931264443323e+06 4.602911396034873981e+00 -1.526689015472099120e+00 -2.600412477543267542e+00 2.285766128936527752e-01 1.444068780079814775e-04 4.069938801348816924e+02 9.371380413383841415e+02 4.472802271645124961e+02 3.948325060034656525e+10 3.586885939965343475e+10 1.307595548405525443e-01
3.162277660168366507e+06 4.567641215043361846e+00 -1.518996926152434979e+00 -2.597841410646039684e+00 2.294625830181593051e-01 1.158919830964476381e-04 3.664826291385062973e+02 8.438574386955899627e+02 4.027553401636633339e+02 3.935050746567904663e+10 3.600160253432095337e+10 1.354106732936505575e-01
3.548133892335738521e+06 4.532417886739512625e+00 -1.511255546933289340e+00 -2.595268440609586946e+00 2.303561438192621436e-01 9.300601519282654015e-05 3.299977946967604794e+02 7.598480027896703177e+02 3.626627041265319917e+02 3.921639361621715546e+10 3.613571638378284454e+10 1.402272341851811543e-01
3.981071705534953158e+06 4.497244436155845015e+00 -1.503464861694035148e+00 -2.592697050572252415e+00 2.312572888275223615e-01 7.463751170691166302e-05 2.971372860279198562e+02 6.841838853805962799e+02 3.265619069222754547e+02 3.908089792723731995e+10 3.627121207276268005e+10 1.452150043543963542e-01
4.466835921509607695e+06 4.462123639653039042e+00 -1.495624805095969512e+00 -2.590127319857729482e+00 2.321660144329934228e-01 5.989516767608197802e-05 2.675418865003641145e+02 6.160379596072433515e+02 2.940563607975796003e+02 3.894400978737585449e+10 3.640810021262414551e+10 1.503799053978618627e-01
5.011872336272694170e+06 4.427058209326476756e+00 -1.487735302370693180e+00 -2.587549752600398101e+00 2.330823151726806319e-01 4.806456975910867329e-05 2.408934875305258743e+02 5.546777533871359083e+02 2.647884679727202411e+02 3.880571692300750732e+10 3.654639307699249268e+10 1.557280974199080903e-01
5.623413251903456636e+06 4.392050876227808764e+00 -1.479796287980713165e+00 -2.584962014402507169e+00 2.340061814153447661e-01 3.857086190754688542e-05 2.168998959882374038e+02 4.994304671744745292e+02 2.384357624586800739e+02 3.866600497312600708e+10 3.668610502687399292e+10 1.612660202127322584e-01
6.309573444801891223e+06 4.357104126414121481e+00 -1.471807645498835138e+00 -2.582369362512344502e+00 2.349376062084652383e-01 3.095202432332791578e-05 1.952940707333320347e+02 4.496812160206951035e+02 2.147079703788009226e+02 3.852485995895741272e+10 3.682725004104258728e+10 1.670003101844828308e-01
7.079457843841330148e+06 4.322220199332012847e+00 -1.463769205267200668e+00 -2.579773730978079271e+00 2.358765854412276652e-01 2.483774689422726855e-05 1.758377820736828596e+02 4.048814557879978224e+02 1.933439035835836819e+02 3.838226901252655029e+10 3.696984098747344971e+10 1.729377638578039333e-01
7.943282347242756747e+06 4.287401231480584940e+00 -1.455680775837348673e+00 -2.577167684654997348e+00 2.368231140421220848e-01 1.993133672122572388e-05 1.583202351346636192e+02 3.645458133403886336e+02 1.741082218553740972e+02 3.823821822447974396e+10 3.711389177552025604e+10 1.790854241925344259e-01
8.912509381337385625e+06 4.252649453658700729e+00 -1.447542189563598924e+00 -2.574544472772618775e+00 2.377771804651047927e-01 1.599442053315418410e-05 1.425504230507919772e+02 3.282344791167484459e+02 1.567887145439457584e+02 3.809269114452288818e+10 3.725941885547711182e+10 1.854506672123016064e-01
9.999999999999918044e+06 4.217966956269924239e+00 -1.439353248045319722e+00 -2.571910075810470708e+00 2.387387728819762300e-01 1.283518494405814200e-05 1.283518494405803665e+02 2.955410551800965209e+02 1.411943261865247052e+02 3.794567105886770630e+10 3.740643894113229370e+10 1.920411294879503239e-01
1.122018454301953875e+07 4.183355579120790146e+00 -1.431113694613661336e+00 -2.569267686063697820e+00 2.397078822465593118e-01 1.029992202000892020e-05 1.155670258432106721e+02 2.661029109482345234e+02 1.271532270333164973e+02 3.779714270086583710e+10 3.755496729913416290e+10 1.988646260020401069e-01
1.258925411794155836e+07 4.148817024216520544e+00 -1.422823239201219669e+00 -2.566613692754724951e+00 2.406844992006216266e-01 8.265468489551453429e-06 1.040560832188018310e+02 2.395979860549609839e+02 1.145107046082366651e+02 3.764709060834416962e+10 3.770501939165583038e+10 2.059292183352725014e-01
1.412537544622741081e+07 4.114353103841637882e+00 -1.414481617358399612e+00 -2.563937648267606839e+00 2.416686069061475539e-01 6.633045841558589021e-06 9.369426286405253279e+01 2.157390129698329702e+02 1.031272796326168617e+02 3.749549674611441040e+10 3.785661325388558960e+10 2.132433415782833686e-01
1.584893192461097986e+07 4.079965619462546655e+00 -1.406088561778249257e+00 -2.561243606170966469e+00 2.426601841487601163e-01 5.323118676281868316e-06 8.436574552701664231e+01 1.942593080098376390e+02 9.287732160812514337e+01 3.734234181849022675e+10 3.800976818150977325e+10 2.208157799538258415e-01
1.778279410038904473e+07 4.045656126569623368e+00 -1.397643744172080815e+00 -2.558536803628299161e+00 2.436592119694528935e-01 4.271904213885878361e-06 7.596639305211689930e+01 1.749190842103308228e+02 8.364786180262096593e+01 3.718760800331245422e+10 3.816450199668754578e+10 2.286555349795498238e-01
1.995262314968858287e+07 4.011426018180143771e+00 -1.389146793608540653e+00 -2.555817527559700597e+00 2.446656712721887728e-01 3.428298455161850917e-06 6.840354712050395847e+01 1.575049879075882018e+02 7.533725999967302300e+01 3.703127831014601898e+10 3.832083168985398102e+10 2.367718457419242528e-01
2.238721138568314910e+07 3.977276758368665011e+00 -1.380597353537432292e+00 -2.553073640947365330e+00 2.456795358054871259e-01 2.751370774487943178e-06 6.159551912885234515e+01 1.418289241413250181e+02 6.785391219845021737e+01 3.687333351581421661e+10 3.847877648418578339e+10 2.451743518376228170e-01
2.511886431509551406e+07 3.943209925437010099e+00 -1.371995093507965446e+00 -2.550304756140323814e+00 2.467007704632723508e-01 2.208172350849652986e-06 5.546678166533791909e+01 1.277169846189625559e+02 6.111526447944305573e+01 3.671375202299589539e+10 3.863835797700410461e+10 2.538731479424982673e-01
2.818382931264420226e+07 3.909226890930608711e+00 -1.363339628342187471e+00 -2.547518549163755530e+00 2.477293405687731598e-01 1.772239428340047765e-06 4.994849354947404407e+01 1.150106566645281987e+02 5.504707344735581387e+01 3.655251336489727020e+10 3.879959663510272980e+10 2.628786132278186916e-01
3.162277660168340430e+07 3.875328839886450716e+00 -1.354630521110923302e+00 -2.544718146382764612e+00 2.487652112254634396e-01 1.422375143569894850e-06 4.497945140889814297e+01 1.035690143051788965e+02 4.958258167311316100e+01 3.638959885192733765e+10 3.896251114807266235e+10 2.722013582982149571e-01
3.548133892335709929e+07 3.841516956959857509e+00 -1.345867329466495566e+00 -2.541892944584964287e+00 2.498083414785989553e-01 1.141610840311335582e-06 4.050588114366500037e+01 9.326823809999164894e+01 4.466165036298392010e+01 3.622498830770135498e+10 3.912712169229864502e+10 2.818524045377988063e-01
3.981071705534920096e+07 3.807792628264342838e+00 -1.337049658582934786e+00 -2.539036337673063137e+00 2.508586776423222253e-01 9.163048547020683917e-07 3.647875330698690277e+01 8.399543357567529256e+01 4.023005857109226469e+01 3.605865829753054047e+10 3.929345170246945953e+10 2.918433342348212278e-01
4.466835921509570628e+07 3.774157121785252755e+00 -1.328177078773237652e+00 -2.536157595733306458e+00 2.519161627210770305e-01 7.354796300838734142e-07 3.285266831197216675e+01 7.564606432022497984e+01 3.623902112369477635e+01 3.589058569717337799e+10 3.946152430282662201e+10 3.021861210338657178e-01
5.011872336272653192e+07 3.740611488812205732e+00 -1.319249097744232158e+00 -2.533261589522075141e+00 2.529807393299866591e-01 5.903440192713372620e-07 2.958728859070025408e+01 6.812724965105921626e+01 3.264468827441268672e+01 3.572074978834865570e+10 3.963136021165134430e+10 3.128929837428200411e-01
5.623413251903410256e+07 3.707156708114847099e+00 -1.310265196842626656e+00 -2.530342248548572925e+00 2.540523449604444317e-01 4.738587123165875860e-07 2.664703362370984507e+01 6.135706239446540167e+01 2.940758047327458158e+01 3.554912948943881226e+10 3.980298051056118774e+10 3.239765442461912115e-01
6.309573444801839441e+07 3.673793982111835721e+00 -1.301224910673020929e+00 -2.527386944326923679e+00 2.551309020326305022e-01 3.803758594347162433e-07 2.400009421732962878e+01 5.526225917527580833e+01 2.649209743403106287e+01 3.537570013924906921e+10 3.997640986075093079e+10 3.354500689280004999e-01
7.079457843841272593e+07 3.640524527792667886e+00 -1.292127772309033196e+00 -2.524403402300567478e+00 2.562163239560760197e-01 3.053442193386786179e-07 2.161671528668798459e+01 4.977432637862426645e+01 2.386618279518357255e+01 3.520043600717528534e+10 4.015167399282471466e+10 3.473273737074496492e-01
7.943282347242692113e+07 3.607349321088984428e+00 -1.282973242557670090e+00 -2.521398899559548212e+00 2.573085230778703880e-01 2.451162096745424959e-07 1.947027261330831749e+01 4.483195947593395658e+01 2.150102564881962763e+01 3.502331396777514648e+10 4.032879603222485352e+10 3.596225704703212012e-01
8.912509381337313354e+07 3.574269209517974222e+00 -1.273760738331936038e+00 -2.518372885731160693e+00 2.584074067727293311e-01 1.967705292602353032e-07 1.753719188002555285e+01 4.038087659592306267e+01 1.937070474702321121e+01 3.484431200432882690e+10 4.050779799567117310e+10 3.723501440113828886e-01
9.999999999999836087e+07 3.541285217394807283e+00 -1.264489717018132398e+00 -2.515308955417352443e+00 2.595128668223256052e-01 1.579676139649907566e-07 1.579676139649881605e+01 3.637338730916198415e+01 1.745184814939609197e+01 3.466340480068397522e+10 4.068870519931602478e+10 3.855252772613043666e-01
1.122018454301946908e+08 3.508398529546587596e+00 -1.255159673971351975e+00 -2.512209409961082329e+00 2.606247791415345350e-01 1.268216180656101791e-07 1.422961958740478039e+01 3.276490994093433073e+01 1.572339071814369049e+01 3.448056424839289856e+10 4.087154575160710144e+10 3.991639066801762059e-01
1.258925411794145554e+08 3.475610104681579493e+00 -1.245770033298741586e+00 -2.509084975125528416e+00 2.617430161906514341e-01 1.018182420542204682e-07 1.281815723062654833e+01 2.951489775889453426e+01 1.416639552564797455e+01 3.429576452733677673e+10 4.105634547266322327e+10 4.132823696428303273e-01
1.412537544622726440e+08 3.442920724849964476e+00 -1.236320159069513203e+00 -2.505939683933828377e+00 2.628674449732816276e-01 8.174495201997939594e-08 1.154678138116042696e+01 2.658744668032120018e+01 1.276383691466758741e+01 3.410898247366981125e+10 4.124312752633018494e+10 4.278973378028386731e-01
1.584893192461085021e+08 3.410331252067034580e+00 -1.226809427946140119e+00 -2.502757449549314117e+00 2.639979176933993088e-01 6.563159431398744852e-08 1.040190670386063587e+01 2.395127531502433271e+01 1.150036886478395459e+01 3.392019252404693222e+10 4.143191747595306396e+10 4.430261993158965961e-01
1.778279410038893819e+08 3.377842825219549816e+00 -1.217237288356848079e+00 -2.499532053912390861e+00 2.651342640255165417e-01 5.269704842884049333e-08 9.371007619082948992e+00 2.157754245003402360e+01 1.036214842065750119e+01 3.372936474240773392e+10 4.162274525759226990e+10 4.586873156363184267e-01
1.995262314968841970e+08 3.345456434213206709e+00 -1.207603136950955225e+00 -2.496277116387171535e+00 2.662763050624041838e-01 4.231246923531511238e-08 8.442447531850273634e+00 1.943945383522281389e+01 9.336723513526084872e+00 3.353647046960990524e+10 4.181563953039009094e+10 4.748996329238691638e-01
2.238721138568291962e+08 3.313172841239969912e+00 -1.197906292569648201e+00 -2.492999655137589698e+00 2.674238555679048224e-01 3.397446043109658280e-08 7.605934273854792593e+00 1.751331087727053770e+01 8.412904395713754369e+00 3.334148489728925705e+10 4.201062510271073914e+10 4.916824218858555917e-01
2.511886431509530842e+08 3.280992780589119917e+00 -1.188146053607485486e+00 -2.489688727749388431e+00 2.685767162955198240e-01 2.728020871881293804e-08 6.852478612953421866e+00 1.577841510424706506e+01 7.580611246175817719e+00 3.314438238209339142e+10 4.220772761790660858e+10 5.090556454885390991e-01
2.818382931264402866e+08 3.248917311535664432e+00 -1.178321805927781352e+00 -2.486328700834969041e+00 2.697346603749874450e-01 2.190615842648486270e-08 6.173994299877880287e+00 1.421614723912901823e+01 6.830747187591418523e+00 3.294513204824792862e+10 4.240697795175207520e+10 5.270404269884806370e-01
3.162277660168314576e+08 3.216947489264342597e+00 -1.168432925234127229e+00 -2.482932715939714541e+00 2.708974439766417275e-01 1.759122707585084228e-08 5.562834439691110688e+00 1.280889965562663768e+01 6.155121015222530190e+00 3.274370243834935760e+10 4.260840756165064240e+10 5.456587636711427436e-01
3.548133892335673571e+08 3.185084093000669192e+00 -1.158478691501534152e+00 -2.479510783545945785e+00 2.720648153675007674e-01 1.412629541623570595e-08 5.012198753949197894e+00 1.154101413396675468e+01 5.546373170482698178e+00 3.254006653676691437e+10 4.281204346323308563e+10 5.649330349250882843e-01
3.981071705534887910e+08 3.153327784232098807e+00 -1.148458334636866418e+00 -2.476059821077007506e+00 2.732365084127113541e-01 1.134395770408837024e-08 4.516110904453071839e+00 1.039872964690150070e+01 4.997879575960993748e+00 3.233419865733831787e+10 4.301791134266168213e+10 5.848862397893650478e-01
4.466835921509543657e+08 3.121679508222027000e+00 -1.138371160905127688e+00 -2.472557076113326424e+00 2.744122266918154751e-01 9.110098981358007858e-09 4.069331737843745245e+00 9.369982598006561858e+00 4.503661769838294582e+00 3.212606799927961349e+10 4.322604200072038269e+10 6.055426600789221014e-01
5.011872336272612214e+08 3.090140384511791183e+00 -1.128216521758496071e+00 -2.469009371829963939e+00 2.755916461315980337e-01 7.316393788520011685e-09 3.666883162996021905e+00 8.443310508865495834e+00 4.058329442166495049e+00 3.191564057623302078e+10 4.343646942376698303e+10 6.269278560041798842e-01
5.623413251903352737e+08 3.058711246307123766e+00 -1.117993665913402657e+00 -2.465431527157039948e+00 2.767744310197094437e-01 5.875887551647001497e-09 3.304254392462569356e+00 7.608326907544410211e+00 3.657038506756248974e+00 3.170288667442641830e+10 4.364922332557357788e+10 6.490679361420639282e-01
6.309573444801788330e+08 3.027392736979523047e+00 -1.107701766248359254e+00 -2.461827884070571404e+00 2.779602294453166200e-01 4.718978743720897394e-09 2.977474296796547737e+00 6.855887930576660239e+00 3.295433135803223834e+00 3.148778043746641541e+10 4.386432956253358459e+10 6.719895176920833713e-01
7.079457843841228485e+08 2.996185669166370413e+00 -1.097340036086692283e+00 -2.458173732832916958e+00 2.791486584825279005e-01 3.790004869175293406e-09 2.683117969927947932e+00 6.178107440300539821e+00 2.969583251531294987e+00 3.127029198845233536e+10 4.408181801154766846e+10 6.957205500149652444e-01
7.943282347242627144e+08 2.965091191811505489e+00 -1.086907788068300018e+00 -2.454464584827232621e+00 2.803392962080205053e-01 3.044045191716336001e-09 2.417971043556916833e+00 5.567584080185413953e+00 2.675940963519147342e+00 3.105038562965419769e+10 4.430172437034580231e+10 7.202907275664793829e-01
8.912509381337221861e+08 2.934110232609423274e+00 -1.076404249774884692e+00 -2.450720040111711295e+00 2.815317014375951499e-01 2.444923229566599531e-09 2.179040122016161707e+00 5.017425301990340536e+00 2.411315728964754435e+00 3.082802877361651611e+10 4.452408122638348389e+10 7.457306163711019398e-01
9.999999999999754429e+08 2.903243461423295368e+00 -1.065828546983541569e+00 -2.446949531305736336e+00 2.827254138537299011e-01 1.963693853132747484e-09 1.963693853132699285e+00 4.521572193427393138e+00 2.172840791579312203e+00 3.060319484359546661e+10 4.474891515640453339e+10 7.720712215530939337e-01
1.122018454301937819e+09 2.872491572586537867e+00 -1.055179796911069889e+00 -2.443133820886796759e+00 2.839199416353163641e-01 1.577215028762300451e-09 1.769664368673662835e+00 4.074802794910695525e+00 1.957931416870860808e+00 3.037585544042151260e+10 4.497625455957849121e+10 7.993448384413870400e-01
1.258925411794135332e+09 2.841855684454180242e+00 -1.044457248812810102e+00 -2.439254337778539394e+00 2.851147441125788107e-01 1.266863333631171157e-09 1.594886443978513313e+00 3.672361750923208046e+00 1.764252303225014140e+00 3.014597460384479141e+10 4.520613539615521240e+10 8.275859372468135078e-01
1.412537544622714996e+09 2.811336848531685195e+00 -1.033660117022450198e+00 -2.435332209226823252e+00 2.863092489286868103e-01 1.017589368713439345e-09 1.437383188316660121e+00 3.309697102338195140e+00 1.589700831893479771e+00 2.991351708014679718e+10 4.543859291985320282e+10 8.568303989633269113e-01
1.584893192461071968e+09 2.780935791167153059e+00 -1.022787486588002670e+00 -2.431380393011954411e+00 2.875028604095602458e-01 8.173501906143852917e-10 1.295412752961498715e+00 2.982798094243525711e+00 1.432388451978937383e+00 2.967845488483594513e+10 4.567365511516405487e+10 8.871146057089062120e-01
1.778279410038879156e+09 2.750653137332779608e+00 -1.011838387963401864e+00 -2.427390748408901455e+00 2.886949489696092330e-01 6.565105561589417991e-10 1.167459204490619573e+00 2.688174160938788138e+00 1.290614145599380036e+00 2.944076135595973587e+10 4.591134864404026794e+10 9.184760997280246864e-01
1.995262314968825817e+09 2.720489911211463330e+00 -1.000811978505231181e+00 -2.423332789424653466e+00 2.898848292927599934e-01 5.273450979631517347e-10 1.052191800949420442e+00 2.422761155836693714e+00 1.162840762679993478e+00 2.920040213612455368e+10 4.615170786387544250e+10 9.509548934272353815e-01
2.238721138568273544e+09 2.690447284844248887e+00 -9.897074566850501132e-01 -2.419221118262003589e+00 2.910717679466519603e-01 4.235991377706134809e-10 9.483203440063667777e-01 2.183588287492045588e+00 1.047682026596775451e+00 2.895733990388581085e+10 4.639477009611418915e+10 9.845932078749373151e-01
2.511886431509510040e+09 2.660526070145437405e+00 -9.785238739709222200e-01 -2.415074525154802476e+00 2.922550012137767328e-01 3.402566764122858330e-10 8.546861287105427252e-01 1.967987539157686205e+00 9.438926309305325502e-01 2.871154474253260040e+10 4.664056525746739960e+10 1.019434048853118391e+00
2.818382931264379978e+09 2.630726885689032013e+00 -9.672601903943629509e-01 -2.410896422799501337e+00 2.934337261751598369e-01 2.733039169348675223e-10 7.702750945369285507e-01 1.773623950185311049e+00 8.503523436969580018e-01 2.846299192591575241e+10 4.688911807408424377e+10 1.055521366517394144e+00
3.162277660168288708e+09 2.601050619990036505e+00 -9.559154480187891378e-01 -2.406650924442607753e+00 2.946070798447394390e-01 2.195318902927975697e-10 6.942207923674293957e-01 1.598502447751757538e+00 7.660491837485315925e-01 2.821165042471741104e+10 4.714045957528259277e+10 1.092901734671330338e+00
3.548133892335644245e+09 2.571498521039172758e+00 -9.444888110972116113e-01 -2.402338354864657521e+00 2.957741330082293563e-01 1.763436166050990344e-10 6.256907627735945887e-01 1.440706223186552837e+00 6.900689669750741384e-01 2.795748224572649384e+10 4.739462775427350616e+10 1.131624915432732692e+00
3.981071705534855366e+09 2.542071522339841572e+00 -9.329793086184328121e-01 -2.397984547927145993e+00 2.969339141593812514e-01 1.416483790977344636e-10 5.639123541608654921e-01 1.298456180445987762e+00 6.215899068842608566e-01 2.770045560222055817e+10 4.765165439777944183e+10 1.171742049279313802e+00
4.466835921509507179e+09 2.512770288095067528e+00 -9.213858449504364057e-01 -2.393600871580862766e+00 2.980854047496797055e-01 1.137741102736928611e-10 5.082102827083151420e-01 1.170197421070456212e+00 5.598735668463500348e-01 2.744054742630691910e+10 4.791156257369308472e+10 1.213305069180093732e+00
5.011872336272571564e+09 2.483595570855006596e+00 -9.097073371501923633e-01 -2.389156679068099809e+00 2.992275219779921835e-01 9.138512981717492581e-11 4.580106040773767595e-01 1.054608389381765710e+00 5.042534215850447143e-01 2.717773136410595322e+10 4.817437863589404297e+10 1.256368527838189530e+00
5.623413251903306961e+09 2.454548618384461811e+00 -8.979428821765752522e-01 -2.384632628413616118e+00 3.003590998145615476e-01 7.340394930914516835e-11 4.127807412870855286e-01 9.504627815626750520e-01 4.541266423114339035e-01 2.691197117376535797e+10 4.844013882623464203e+10 1.300991141705835741e+00
6.309573444801736832e+09 2.425630516993495522e+00 -8.860914976011096122e-01 -2.380059258682483581e+00 3.014789115898922622e-01 5.895915959897062739e-11 3.720071477334924714e-01 8.565781128583734860e-01 4.089506199509078677e-01 2.664323398587611008e+10 4.870887601412388611e+10 1.347234026357789771e+00
7.079457843841170311e+09 2.396842005987040114e+00 -8.741520400496036736e-01 -2.375451802947427193e+00 3.025856735406264320e-01 4.735419827045552558e-11 3.352420503845863764e-01 7.719233477603074656e-01 3.682380834354410104e-01 2.637149795304022598e+10 4.898061204695977783e+10 1.395159196405626467e+00
7.943282347242561340e+09 2.368183750111824359e+00 -8.621233111868557009e-01 -2.370794442351284559e+00 3.036780303304408846e-01 3.803208118093253967e-11 3.020995590733974723e-01 6.956099413224792194e-01 3.315497512083714904e-01 2.609674232887474823e+10 4.925536767112525177e+10 1.444831155288056390e+00
8.912509381337148666e+09 2.339656912606361328e+00 -8.500043000757705469e-01 -2.366049396966911189e+00 3.047545295269258880e-01 3.054567706433081149e-11 2.722386333951433146e-01 6.268526189927280390e-01 2.984881872004914727e-01 2.581893592850070572e+10 4.953317407149929810e+10 1.496319321436927474e+00
9.999999999999671936e+09 2.311262736527002648e+00 -8.377940143701048115e-01 -2.361242218390460668e+00 3.058136341938946234e-01 2.453224059156808841e-11 2.453224059156728365e-01 5.648757148388625637e-01 2.686949788547018381e-01 2.553804625360378647e+10 4.981406374639620972e+10 1.549697086003575031e+00
1.122018454301928520e+10 2.283002055131759800e+00 -8.254912677363728246e-01 -2.356394020342354345e+00 3.068537370267298003e-01 1.970133494793333493e-11 2.210526138596472512e-01 5.089924534405927403e-01 2.418482746477155498e-01 2.525405259342888641e+10 5.009805740657111359e+10 1.605039293004618228e+00
1.258925411794124985e+10 2.254875518914743804e+00 -8.130947691758385609e-01 -2.351505963623468531e+00 3.078731469167559354e-01 1.582056410951234696e-11 1.991691018638318544e-01 4.586038049366718550e-01 2.176583681882840460e-01 2.496694086596863556e+10 5.038516913403136444e+10 1.662423018703630406e+00
1.412537544622703552e+10 2.226884145498819745e+00 -8.006033642452281551e-01 -2.346529688066314900e+00 3.088700644552720420e-01 1.270415687653542985e-11 1.794509856088299105e-01 4.132011643859808125e-01 1.958632439552178139e-01 2.467668833042932129e+10 5.067542166957067871e+10 1.721930765619564596e+00
1.584893192461058998e+10 2.199029290941933112e+00 -7.880160316030266898e-01 -2.341474016061713570e+00 3.098425794752283635e-01 1.020136256307634650e-11 1.616807008004680080e-01 3.722835714879881297e-01 1.762261255583686681e-01 2.438326536635596848e+10 5.096884463364402771e+10 1.783651084805067955e+00
1.778279410038864517e+10 2.171311915040870399e+00 -7.753315540173260079e-01 -2.336369787180628599e+00 3.107886925009242796e-01 8.190973608343978686e-12 1.456583971588983895e-01 3.353908539674857470e-01 1.585342649219818878e-01 2.408665327934543610e+10 5.126545672065456390e+10 1.847675154403138009e+00
1.995262314968809509e+10 2.143732716780601510e+00 -7.625485697564540200e-01 -2.331230172041820037e+00 3.117063039292234938e-01 6.576069952945388455e-12 1.312098455771064653e-01 3.021218344798961009e-01 1.425964477107974082e-01 2.378684553914725876e+10 5.156526446085273743e+10 1.914096214785760752e+00
2.238721138568255234e+10 2.116292553606565541e+00 -7.496657622874108862e-01 -2.326009928735553345e+00 3.125931943298528859e-01 5.279310248101924418e-12 1.181890344948579863e-01 2.721403089832190592e-01 1.282398941242196000e-01 2.348383089583620834e+10 5.186827910416378784e+10 1.983013251557270706e+00
2.511886431509489822e+10 2.088992811281287665e+00 -7.366820413436573345e-01 -2.320692310577214812e+00 3.134470084796289191e-01 4.238135399813298029e-12 1.064571480569106998e-01 2.451266421585026334e-01 1.153082203456766153e-01 2.317758675863204575e+10 5.217452324136795044e+10 2.054533578300211438e+00
2.818382931264356995e+10 2.061834612508290920e+00 -7.235961750590226282e-01 -2.315317312196524036e+00 3.142652764002762944e-01 3.401965556501561813e-12 9.588041657193251133e-02 2.207728179085910736e-01 1.036607338439993198e-01 2.286809860160201263e+10 5.248401139839798737e+10 2.128769178651555016e+00
3.162277660168262863e+10 2.034818736872027412e+00 -7.104067421371832447e-01 -2.309902960356772006e+00 3.150454088329525670e-01 2.730407617445922616e-12 8.634307011802493104e-02 1.988122661371038713e-01 9.317110674285698779e-02 2.255536811923863983e+10 5.279674188076136017e+10 2.205834450581094508e+00
3.548133892335615540e+10 2.007945924788018921e+00 -6.971122715804221048e-01 -2.304421799754765576e+00 3.157846812065685516e-01 2.191195808494387375e-12 7.774656112862676771e-02 1.790180726863263294e-01 8.372534827227126608e-02 2.223939819953570557e+10 5.311271180046429443e+10 2.285849741949193437e+00
3.981071705534822845e+10 1.981217491916630324e+00 -6.837115506434199297e-01 -2.298830311591634423e+00 3.164802118667614517e-01 1.758384559034260892e-12 7.000255015420622784e-02 1.611868284566433107e-01 7.522022574369706394e-02 2.192017909625755692e+10 5.343193090374244690e+10 2.368945789452261863e+00
4.466835921509470367e+10 1.954634741070836679e+00 -6.702033427699820578e-01 -2.293167586774820244e+00 3.171289746306524271e-01 1.410901020484468658e-12 6.302263359994393632e-02 1.451149766484566006e-01 6.756268061606959807e-02 2.159770381812856674e+10 5.375440618187142944e+10 2.455261247608439223e+00
5.011872336272530365e+10 1.928198543817003952e+00 -6.565861700445614346e-01 -2.287456520659256753e+00 3.177278023209383351e-01 1.131907027866937795e-12 5.672973520198765912e-02 1.306250426055963476e-01 6.066918013471830906e-02 2.127198361115313339e+10 5.408012638884686279e+10 2.544938497112775977e+00
5.623413251903260803e+10 1.901909602910264452e+00 -6.428584356069145800e-01 -2.281693329055042074e+00 3.182733718775846987e-01 9.079341938768621088e-13 5.105689177703250786e-02 1.175628379004053370e-01 5.446448312206829401e-02 2.094303849664315796e+10 5.440907150335684204e+10 2.638126022644892821e+00
6.309573444801684570e+10 1.875769082920087261e+00 -6.290187528799361383e-01 -2.275816282555900294e+00 3.187621853597416011e-01 7.282151652724252067e-13 4.594727068904763678e-02 1.057975005523633522e-01 4.888047466074910141e-02 2.061087811649514008e+10 5.474123188350485992e+10 2.734984452306417069e+00
7.079457843841113281e+10 1.849778430282757569e+00 -6.150658645028183047e-01 -2.269846482924976261e+00 3.191905716513286362e-01 5.839940247194435196e-13 4.134361079056405458e-02 9.519718189690057342e-02 4.385560759951752374e-02 2.027550773246934891e+10 5.507660226753065491e+10 2.835686980472635454e+00
7.943282347242497253e+10 1.823938634588597729e+00 -6.009982477685357205e-01 -2.263819168787726710e+00 3.195546939097821393e-01 4.682457818595926681e-13 3.719408453216063726e-02 8.564254459131349917e-02 3.933461443731219032e-02 1.993695089529017639e+10 5.541515910470982361e+10 2.940413225675937881e+00
8.912509381337075806e+10 1.798250434743220882e+00 -5.868142115243545343e-01 -2.257748934562119558e+00 3.198505365314828763e-01 3.753548922732924306e-13 3.345353998716486116e-02 7.702962248232603226e-02 3.526781026047121764e-02 1.959524835888025284e+10 5.575686164111975098e+10 3.049349250111215603e+00
9.999999999999591064e+10 1.772714810741872871e+00 -5.725121629087033259e-01 -2.251571783921744618e+00 3.200738924920369932e-01 3.008462283263422124e-13 3.008462283263299217e-02 6.927240406276903573e-02 3.161025959684385378e-02 1.925043554046969223e+10 5.610167445953030396e+10 3.162695003797205917e+00
1.122018454301919403e+11 1.747333269184889959e+00 -5.580907795209084643e-01 -2.245277647506642271e+00 3.202203601047643455e-01 2.410906243684102852e-13 2.705081297005283714e-02 6.228679869821365789e-02 2.832127952781929997e-02 1.890253718631581879e+10 5.644957281368418121e+10 3.280668710285504996e+00
1.258925411794114685e+11 1.722106959000252013e+00 -5.435485173171560325e-01 -2.238916054641930664e+00 3.202853475784572801e-01 1.931584889572295471e-13 2.431721302520091499e-02 5.599245221498827529e-02 2.536429825498926621e-02 1.855159403991356659e+10 5.680051596008643341e+10 3.403499696529415530e+00
1.412537544622691956e+11 1.697036695692609731e+00 -5.288836098795873797e-01 -2.232509641017612179e+00 3.202640634536163544e-01 1.547124650287295401e-13 2.185371654742057287e-02 5.032004194860791729e-02 2.270648590089937441e-02 1.819767086625978470e+10 5.715443913374021912e+10 3.531425301558620333e+00
1.584893192461046143e+11 1.672123303574386100e+00 -5.140942581003251632e-01 -2.226013176835670571e+00 3.201515089474623044e-01 1.238891540968106042e-13 1.963510769477926424e-02 4.521150627733142024e-02 2.031819719525090190e-02 1.784083497371166229e+10 5.751127502628833771e+10 3.664698718717914527e+00
1.778279410038850098e+11 1.647368237374005506e+00 -4.991790068814533909e-01 -2.219379298806384959e+00 3.199424809245103307e-01 9.918731629106706388e-14 1.763827622974155698e-02 4.061363191271413070e-02 1.817256874049977267e-02 1.748114048891884232e+10 5.787096951108116150e+10 3.803597557959091713e+00
1.995262314968793030e+11 1.622772833803112214e+00 -4.841363118865886217e-01 -2.212663680638323971e+00 3.196315714713413580e-01 7.938786512089018461e-14 1.583996155415376417e-02 3.647285934819325531e-02 1.624540645897709634e-02 1.711865222098413658e+10 5.823345777901586151e+10 3.948418148112811554e+00
2.238721138568237000e+11 1.598337992430767240e+00 -4.689643346353690734e-01 -2.205892214620135405e+00 3.192131586655552189e-01 6.351911038284511478e-14 1.422015751171245429e-02 3.274312270649640255e-02 1.451500690760986270e-02 1.675346311417820168e+10 5.859864688582180023e+10 4.099468789872073415e+00
2.511886431509469299e+11 1.574064460891483774e+00 -4.536611027090414749e-01 -2.199051416742815235e+00 3.186814033048971928e-01 5.080489123220294778e-14 1.276161169404849832e-02 2.938469684929456358e-02 1.296181141871509575e-02 1.638567875853938103e+10 5.896643124146061707e+10 4.257076296516873803e+00
2.818382931264334106e+11 1.549953541830959791e+00 -4.382249574696714944e-01 -2.192064598518342233e+00 3.180302663977910838e-01 4.062461504145198087e-14 1.144957216220125924e-02 2.636361418184422420e-02 1.156810364293663247e-02 1.601539430472360802e+10 5.933671569527639008e+10 4.421598215948828958e+00
3.162277660168237305e+11 1.526006739236096310e+00 -4.226543491278060838e-01 -2.184970324783303219e+00 3.172535136705691428e-01 3.247312093394192930e-14 1.026890248853460849e-02 2.364502179150924921e-02 1.031788774360280041e-02 1.564270709371853638e+10 5.970940290628146362e+10 4.593422575214968440e+00
3.548133892335585938e+11 1.502225054438114382e+00 -4.069473786276371352e-01 -2.177808719088082601e+00 3.163446975637745906e-01 2.594642896016546046e-14 9.206140397864064420e-03 2.119792164413206864e-02 9.196814157711771798e-03 1.526774412267328835e+10 6.008436587732671356e+10 4.772957087792398134e+00
3.981071705534790039e+11 1.478609243452182920e+00 -3.911019456106923919e-01 -2.170594329757711716e+00 3.152971613778255966e-01 2.072197895976449910e-14 8.249568411940568988e-03 1.899533324896891806e-02 8.191982785384251120e-03 1.489065700275505638e+10 6.046145299724494171e+10 4.960631762149543711e+00
4.466835921509433594e+11 1.455160398944782996e+00 -3.751161343720860186e-01 -2.163238674851554855e+00 3.141040708712028451e-01 1.654319281293602591e-14 7.389572791327933370e-03 1.701512015290609914e-02 7.291721450337379506e-03 1.451159316864887238e+10 6.084051683135112762e+10 5.156915042630194179e+00
5.011872336272489014e+11 1.431880110250982607e+00 -3.589883431418086635e-01 -2.155743601142434240e+00 3.127584458643999921e-01 1.320163055239246190e-14 6.616488695922548118e-03 1.523502823919487340e-02 6.485467740534858229e-03 1.413069375244349670e+10 6.122141624755650330e+10 5.362322119037335355e+00
5.623413251903215332e+11 1.408769520389616225e+00 -3.427166428079626015e-01 -2.148169567832412419e+00 3.112531279494020198e-01 1.052957987825814486e-14 5.921217902437029938e-03 1.363410807452097862e-02 5.763739332691964617e-03 1.374812815094726562e+10 6.160398184905273438e+10 5.577401247945450891e+00
6.309573444801633301e+11 1.385829444293298351e+00 -3.262988371302513180e-01 -2.140545856440084105e+00 3.095807911804898116e-01 8.393457254520043831e-15 5.295913500319729406e-03 1.219429147962212794e-02 5.118029343838389686e-03 1.336410064664192581e+10 6.198800935335807800e+10 5.802730615861472430e+00
7.079457843841054688e+11 1.363060770763627083e+00 -3.097327377539433879e-01 -2.132800666107854681e+00 3.077339837336267592e-01 6.687111460803040328e-15 4.734112368382149827e-03 1.090069656799547496e-02 4.540654642647952086e-03 1.297882114784287453e+10 6.237328885215712738e+10 6.038937148288680667e+00
7.943282347242431641e+11 1.340465056294432244e+00 -2.930166106886354926e-01 -2.124885408527042330e+00 3.057052109067301404e-01 5.324905861126954795e-15 4.229723072741749593e-03 9.739297294788123657e-03 4.024654796078364592e-03 1.259248862259821701e+10 6.275962137740177917e+10 6.286715223239152550e+00
8.912509381337003174e+11 1.318043624655232060e+00 -2.761485346639868665e-01 -2.116876485201863112e+00 3.034869016293155752e-01 4.237459575523021988e-15 3.776639821988525027e-03 8.696034555718464357e-03 3.563771499815702147e-03 1.220532492801194763e+10 6.314678507198805237e+10 6.546814714795474721e+00
9.999999999999509277e+11 1.295797361397607927e+00 -2.591262287587711155e-01 -2.108806190309751027e+00 3.010714103645577011e-01 3.369658161961900570e-15 3.369658161961735024e-03 7.758924652218807116e-03 3.152397519617271878e-03 1.181759308781081009e+10 6.353451691218919373e+10 6.820030878171367661e+00
1.122018454301910156e+12 1.273727022526937924e+00 -2.419472661590663931e-01 -2.100643271054776662e+00 2.984510737454135199e-01 2.677622209261765731e-15 3.004341532440352007e-03 6.917752026860042071e-03 2.785480602640302145e-03 1.142957383559481621e+10 6.392253616440518188e+10 7.107223188614380405e+00
1.258925411794104492e+12 1.251834009258956604e+00 -2.246096834242480023e-01 -2.092293200259700559e+00 2.956183529370259300e-01 2.126283403033029852e-15 2.676832208754326842e-03 6.163633940324039079e-03 2.458445953460701525e-03 1.104153881477251816e+10 6.431057118522747803e+10 7.409344335331525144e+00
1.412537544622680420e+12 1.230119823304832494e+00 -2.071115819605691133e-01 -2.083820321445357671e+00 2.925658415828051306e-01 1.687129584315709254e-15 2.383133880489595249e-03 5.487368547824396370e-03 2.167170891256991767e-03 1.065377207748616600e+10 6.469833792251383209e+10 7.727439503466704274e+00
1.584893192461033203e+12 1.208585425819612480e+00 -1.894506061431853738e-01 -2.075271323865903739e+00 2.892862315153775787e-01 1.337476798563972179e-15 2.119757873118615927e-03 4.880922879399689565e-03 1.907963605576390616e-03 1.026660068899938011e+10 6.508550931100061798e+10 8.062628287268427840e+00
1.778279410038835449e+12 1.187231533349671686e+00 -1.716241541881375343e-01 -2.066657218336135138e+00 2.857723988369879065e-01 1.059267434879707017e-15 1.883673469171235921e-03 4.337318450182067568e-03 1.677507572336847576e-03 9.880383050518676758e+09 6.547172694948132324e+10 8.416118405766539468e+00
1.995262314968776855e+12 1.166059307477577356e+00 -1.536299506807186355e-01 -2.057856871990229486e+00 2.820175893719307769e-01 8.381799120119937429e-16 1.672388791601376375e-03 3.850817501231655442e-03 1.472804173551505499e-03 9.495474172099426270e+09 6.585663582790057373e+10 8.789246902734204170e+00
2.238721138568218750e+12 1.145070353264385776e+00 -1.354660790176308582e-01 -2.048891927815511771e+00 2.780155304912855230e-01 6.625872768975924654e-16 1.483348142936993840e-03 3.415535321647123358e-03 1.291145352979536712e-03 9.112228617946239471e+09 6.623988138205375671e+10 9.183501216037242898e+00
2.511886431509448730e+12 1.124265743006864327e+00 -1.171301496899291722e-01 -2.039837226284775262e+00 2.737603491175757964e-01 5.231901723246860137e-16 1.314194294961469178e-03 3.026044192876099076e-03 1.130105865116456942e-03 8.731040856112960815e+09 6.662106914388703918e+10 9.600494954458140384e+00
2.818382931264311035e+12 1.103646217998445200e+00 -9.861944178676727846e-02 -2.030730595398980931e+00 2.692466833993233943e-01 4.126093204934915991e-16 1.162891066159422440e-03 2.677655633714639064e-03 9.875133694516890527e-04 8.352347399035500526e+09 6.699976260096450043e+10 1.004197198204852270e+01
3.162277660168211426e+12 1.083212676095971272e+00 -7.993132555936786898e-02 -2.021460078550139983e+00 2.644698872597228134e-01 3.250116629814267494e-16 1.027777121140285421e-03 2.366544278057956807e-03 8.614083716573747197e-04 7.976589173131336212e+09 6.737552082686866760e+10 1.050986096083891930e+01
3.548133892335557129e+12 1.062966702148807840e+00 -6.106377445602829274e-02 -2.011980445376560844e+00 2.594262990239824540e-01 2.556958666464393346e-16 9.072431705783443783e-04 2.089004600294350027e-03 7.500196496985675042e-04 7.604195719985066414e+09 6.774791428001493073e+10 1.100632804336445325e+01
3.981071705534757324e+12 1.042909522661758182e+00 -4.201442504759313884e-02 -2.002395340471086804e+00 2.541131418396270769e-01 2.008767911542463457e-16 7.997049095627847218e-04 1.841388603553419708e-03 6.517598196023736187e-04 7.235626517683818817e+09 6.811648348231617737e+10 1.153375722403355397e+01
4.466835921509397461e+12 1.023041921745903915e+00 -2.278046535362142702e-02 -1.992749667171845651e+00 2.485286131297411161e-01 1.575643576847356142e-16 7.038141328557323637e-04 1.620591930552140337e-03 5.652103062497350078e-04 6.871386059733839035e+09 6.848072394026615906e+10 1.209474294543472084e+01
5.011872336272448242e+12 1.003364585969857226e+00 -3.358938414727357605e-03 -1.982980207159394492e+00 2.426721036381654373e-01 1.233938251799469092e-16 6.184340988862146006e-04 1.423997137094603445e-03 4.890955795585667657e-04 6.511990807037986755e+09 6.884011919296200562e+10 1.269215656611956788e+01
5.623413251903168945e+12 9.838789347377916439e-01 1.625242330222004261e-02 -1.972970433196500561e+00 2.365446146007990358e-01 9.648064072999519237e-17 5.425505136331636039e-04 1.249268724887985351e-03 4.222639330090022843e-04 6.157939653011516571e+09 6.919417034698847961e+10 1.332923844858642326e+01
6.309573444801581055e+12 9.645863644186900565e-01 3.605590744273210607e-02 -1.962824348795589424e+00 2.301487278984390983e-01 7.530174821422695177e-17 4.751219108796212484e-04 1.094008629346261566e-03 3.636819991531463716e-04 5.809742600540762901e+09 6.954236739945924377e+10 1.400961061995600332e+01
7.079457843840997070e+12 9.454876952247986965e-01 5.605440500871160248e-02 -1.952598848538820375e+00 2.234885775082728898e-01 5.865601384142204283e-17 4.152527772781013809e-04 9.561548547849329062e-04 3.124279120498667239e-04 5.467947955972244263e+09 6.988416204402775574e+10 1.473725928577575495e+01
7.943282347242366211e+12 9.265834990351151657e-01 7.625111423594975457e-02 -1.942294091980431014e+00 2.165700962268838348e-01 4.559398869281657146e-17 3.621659255240178982e-04 8.339178613019954285e-04 2.676760941476937134e-04 5.133120380638143539e+09 7.021898961936186218e+10 1.551660856806062228e+01
8.912509381336929688e+12 9.078749135946659887e-01 9.664867022897080662e-02 -1.931743109399063574e+00 2.094014872161839291e-01 3.536711480182417911e-17 3.152097424620781975e-04 7.257972541596735896e-04 2.286832162611521398e-04 4.805802384053721428e+09 7.054630761594627380e+10 1.635266611305881668e+01
9.999999999999427734e+12 8.893634431613073321e-01 1.172493045596983974e-01 -1.921001459352852825e+00 2.019933622724484346e-01 2.737172216527642587e-17 2.737172216527486001e-04 6.302571942733660101e-04 1.947818550503262961e-04 4.486521214569223404e+09 7.086558878543077087e+10 1.725111488754768274e+01
1.122018454301900977e+13 8.710499689790721645e-01 1.380559341092263970e-01 -1.910164244027272806e+00 1.943585153313621139e-01 2.113045227637210459e-17 2.370875740183511369e-04 5.459143136687777918e-04 1.653775673517728204e-04 4.175825432399910927e+09 7.117628456760008240e+10 1.821829794116817069e+01
1.258925411794094141e+13 8.529350274638564100e-01 1.590719038359799387e-01 -1.899279923610000864e+00 1.865121451119624296e-01 1.626777557179401012e-17 2.047991606069467978e-04 4.715674942712491397e-04 1.399405221532722446e-04 3.874276873320395470e+09 7.147783312667961121e+10 1.926129590954175086e+01
1.412537544622668750e+13 8.350194152303703765e-01 1.803003026287011423e-01 -1.888173228701534478e+00 1.784722396784544640e-01 1.248969889079226370e-17 1.764216860427617268e-04 4.062259443629388897e-04 1.179956861874176347e-04 3.582407448338748932e+09 7.176970255166125488e+10 2.038815640691917608e+01
1.584893192461020117e+13 8.173046172779124818e-01 2.017434050475117313e-01 -1.876812091197151977e+00 1.702599106758252989e-01 9.561124828430926027e-18 1.515336165285021341e-04 3.489190465060051536e-04 9.911706141569411087e-05 3.300705243453798294e+09 7.205140475654620361e+10 2.160813050080257369e+01
1.778279410038821094e+13 7.997916209898042750e-01 2.234040590061368015e-01 -1.865338096154885772e+00 1.618989464024856995e-01 7.295493312506923812e-18 1.297342554370697724e-04 2.987241626200785849e-04 8.292598118754208652e-05 3.029651631154866219e+09 7.232245836884513855e+10 2.293171102677831286e+01
1.995262314968760547e+13 7.824809569185590119e-01 2.452856930702733973e-01 -1.853819009838115317e+00 1.534158359230489155e-01 5.547119980857141311e-18 1.106795945441448617e-04 2.548491844959731040e-04 6.908664750964085800e-05 2.769725130781439781e+09 7.258238486921856689e+10 2.437073498798284277e+01
2.238721138568200391e+13 7.653731052148663450e-01 2.673918448168507989e-01 -1.842133765290830949e+00 1.448399417397326638e-01 4.202337205830955584e-18 9.407861134085386513e-05 2.166240080430307103e-04 5.729981769616581143e-05 2.521362200843281746e+09 7.283074779915672302e+10 2.593874262487193860e+01
2.511886431509428125e+13 7.484693650959720612e-01 2.897250043555386068e-01 -1.830139079012693459e+00 1.362038865870300319e-01 3.171523264985523240e-18 7.966506256533616224e-05 1.834355854953810408e-04 4.729832785770555695e-05 2.284929674795998573e+09 7.306718032520399475e+10 2.765146024456737450e+01
2.818382931264287891e+13 7.317708619593891184e-01 3.122878441351013556e-01 -1.818001864463435258e+00 1.275429402614052798e-01 2.383512224112323627e-18 6.717650168897952568e-05 1.546796113885335916e-04 3.884544793560772570e-05 2.060750741092531681e+09 7.329135925890747070e+10 2.952704292530442132e+01
3.162277660168185156e+13 7.152781076303130758e-01 3.350838501934121361e-01 -1.805796945060515135e+00 1.188945698180173677e-01 1.783135577364747782e-18 5.638769801351640635e-05 1.298374728741728400e-04 3.173252082904009337e-05 1.849118611973851204e+09 7.350299138802615356e+10 3.158627959994257850e+01
3.548133892335528125e+13 6.989913590140605093e-01 3.581168987502575396e-01 -1.793498771606810038e+00 1.102983264551161552e-01 1.327519346329075582e-18 4.710216385441298595e-05 1.084567403389343154e-04 2.577516549871243786e-05 1.650268317930978060e+09 7.370184168206901550e+10 3.385318328075398142e+01
3.981071705534725000e+13 6.829115752562859853e-01 3.813898930104281382e-01 -1.780871468003983216e+00 1.017959794203760204e-01 9.833866046499084191e-19 3.914932587373613163e-05 9.014465415763091912e-05 2.081013063629832732e-05 1.464345475850737810e+09 7.388776452414926147e+10 3.635591375440752415e+01
4.466835921509360938e+13 6.670399772076054390e-01 4.049052990191078227e-01 -1.768032062653578596e+00 9.343081340158237991e-02 7.244921805907469679e-19 3.236187697115395725e-05 7.451597549508640159e-05 1.669361489498040989e-05 1.291414733815758228e+09 7.406069526618423462e+10 3.912759937775668817e+01
5.011872336272407031e+13 6.513770655944659538e-01 4.286665946283049200e-01 -1.755105281829429043e+00 8.524653309971873261e-02 5.305832278466864058e-19 2.659215401734927114e-05 6.123069743095015832e-05 1.329994807182951114e-05 1.131481965152606726e+09 7.422062803484739685e+10 4.220688990921054540e+01
5.623413251903122656e+13 6.359229699461336205e-01 4.526778394140996697e-01 -1.742152188283416336e+00 7.728678981516666491e-02 3.860802047332828249e-19 2.171088539594613200e-05 4.999116106840769883e-05 1.051940160934557741e-05 9.844816160988693237e+08 7.436762838390112305e+10 4.563902116229377981e+01
6.309573444801529688e+13 6.206782109909251277e-01 4.769425101082424567e-01 -1.728892908765684355e+00 6.959482914213985238e-02 2.790636575550910163e-19 1.760772643118790055e-05 4.054328840197051257e-05 8.256040372586132125e-06 8.502486627248423100e+08 7.450186133727516174e+10 4.947768796204231734e+01
7.079457843840939062e+13 6.056439785300650192e-01 5.014629597299563590e-01 -1.715328633315684748e+00 6.221277181582045984e-02 2.002699379338671383e-19 1.417802582991453726e-05 3.264611092404575175e-05 6.426305389435732971e-06 7.285167572453078032e+08 7.462359324275469971e+10 5.378727552501997167e+01
7.943282347242301562e+13 5.908208080424093289e-01 5.262425088327201683e-01 -1.701658795623609555e+00 5.518003763217257940e-02 1.425985140539516751e-19 1.132700259427737621e-05 2.608138732188797166e-05 4.958117933287396323e-06 6.189446098558884859e+08 7.473316539014410400e+10 5.864455778415746323e+01
8.912509381336857812e+13 5.762087490843474935e-01 5.512852723366992169e-01 -1.687989943554000005e+00 4.853252867005879850e-02 1.006732875829338116e-19 8.972516200329210754e-06 2.065998204952561949e-05 3.789583699002061627e-06 5.211185830208414197e+08 7.483099141697915649e+10 6.414106481964029172e+01
9.999999999999345312e+13 5.618078714405453367e-01 5.765953533020221622e-01 -1.674094231055378801e+00 4.230194925360315078e-02 7.043965295811102919e-20 7.043965295810641681e-06 1.621932948570097905e-05 2.867600910621400729e-06 4.345371883479299545e+08 7.491757281165206909e+10 7.038721201412843698e+01
1.122018454301891875e+14 5.476191493433752999e-01 6.021752165967678705e-01 -1.659798262454570184e+00 3.651524146265179571e-02 4.881895973668375199e-20 5.477577374438019538e-06 1.261258800810244850e-05 2.146802973276318259e-06 3.586099733796862960e+08 7.499350002662031555e+10 7.751800799199885716e+01
1.258925411794083750e+14 5.336432000123867425e-01 6.280278281143166774e-01 -1.645370286367869861e+00 3.119315252910997982e-02 3.348297463975151511e-20 4.215256763644004309e-06 9.705987387109011444e-06 1.588838588396034005e-06 2.926832967052313685e+08 7.505942670329476929e+10 8.569853681003834822e+01
1.412537544622657188e+14 5.198799852410377342e-01 6.541572916579209140e-01 -1.630922551206881455e+00 2.634944360548041598e-02 2.270615684589986767e-20 3.207329903892433840e-06 7.385150025016744482e-06 1.161560153092891991e-06 2.360560070772528648e+08 7.511605399292274475e+10 9.513042381384673263e+01
1.584893192461007188e+14 5.063292083343471361e-01 6.805682118927669499e-01 -1.616369095321726013e+00 2.199054446731050702e-02 1.521249342648363981e-20 2.411017727199174199e-06 5.551573477593204020e-06 8.381420655276446552e-07 1.879798753395239115e+08 7.516413012466047668e+10 1.060622381171687465e+02
1.778279410038806562e+14 4.929914356993141955e-01 7.072634768970035291e-01 -1.601365176112170108e+00 1.811555571745988164e-02 1.006236729691581931e-20 1.789370058035324437e-06 4.120176821482029134e-06 5.963483080507649275e-07 1.476661837909111381e+08 7.520444381620909119e+10 1.188046218183755656e+02
1.995262314968744062e+14 4.798673560658492931e-01 7.342455547990373033e-01 -1.586144212245965246e+00 1.471583906457615484e-02 6.563482190410373239e-21 1.309586866949432378e-06 3.015435197818540084e-06 4.179580075682514700e-07 1.143076592389155924e+08 7.523780234076107788e+10 1.337485605234969910e+02
2.238721138568182188e+14 4.669568322527711812e-01 7.615184618753060297e-01 -1.570877599994971341e+00 1.177498985899712129e-02 4.216713901056272387e-21 9.440046545588978857e-07 2.173651045304312062e-06 2.882308514901807169e-07 8.710070234783759713e+07 7.526500929765216064e+10 1.513862780897335369e+02
2.511886431509407500e+14 4.542593168507702561e-01 7.890870615127352217e-01 -1.555635171569636599e+00 9.269540375207382249e-03 2.664889909293025468e-21 6.693900804619485948e-07 1.541327620669767792e-06 1.953563848408291017e-07 6.525610614817604423e+07 7.528685389385182190e+10 1.723418683156031079e+02
2.818382931264265000e+14 4.417748250452193659e-01 8.169549723149890363e-01 -1.539957622931742875e+00 7.169968693698658066e-03 1.655110096891712933e-21 4.664734046442747339e-07 1.074094707812086465e-06 1.299708266287830206e-07 4.800898082835128903e+07 7.530410101917164612e+10 1.974170719707452406e+02
3.162277660168159375e+14 4.295039997373860108e-01 8.451242250577983839e-01 -1.523921678387740952e+00 5.441703652671288534e-03 1.008761401962594396e-21 3.189983645866224935e-07 7.345208789866367329e-07 8.475543695881513118e-08 3.463405793433788419e+07 7.531747594206565857e+10 2.276551490834793015e+02
3.548133892335499375e+14 4.174466514155055763e-01 8.735985238966247346e-01 -1.507821944126139346e+00 4.046210531608376848e-03 6.023005954990997066e-22 2.137043156264209896e-07 4.920723714698914842e-07 5.409060569740206339e-08 2.446231387123606354e+07 7.532764768612876892e+10 2.644190365367714435e+02
3.981071705534692500e+14 4.056020604646301542e-01 9.023827466770656391e-01 -1.491831202919676524e+00 2.942596940000644177e-03 3.516615595787459867e-22 1.399989884763148079e-07 3.223595838998077110e-07 3.372980681315966557e-08 1.688912567832187563e+07 7.533522087432167053e+10 3.095009944213704216e+02
4.466835921509324375e+14 3.939696370939227421e-01 9.314814358671191785e-01 -1.475514748585379676e+00 2.089249439947721103e-03 2.004738307067184621e-22 8.954837083233490833e-08 2.061927437804371718e-07 2.051599862115360173e-08 1.137821124546068162e+07 7.534073178875453186e+10 3.652883146324808763e+02
5.011872336272366250e+14 3.825497863604091497e-01 9.608964737663086009e-01 -1.458672034742429346e+00 1.445367572584573641e-03 1.113826464644566998e-22 5.582356045560156169e-08 1.285384981429200702e-07 1.214771757306970575e-08 7.465092001306890510e+06 7.534464490799868774e+10 4.350125347938892446e+02
5.623413251903076875e+14 3.713423338594282752e-01 9.906309090561479236e-01 -1.441743193259552580e+00 9.722180143838204773e-04 6.016540771359206391e-23 3.383349510427652371e-08 7.790450147099415085e-08 6.986642582721871403e-09 4.759322628948428668e+06 7.534735067737104797e+10 5.230908915425615078e+02
6.309573444801478750e+14 3.603463987414662895e-01 1.020689491441377550e+00 -1.424922392729906839e+00 6.343366702121723197e-04 3.151852918244500558e-23 1.988684747487554764e-08 4.579115854229471959e-08 3.894251082389662877e-09 2.941792919198315125e+06 7.534916820708079529e+10 6.356118961680004986e+02
7.079457843840881250e+14 3.495608542993660084e-01 1.051077614298082219e+00 -1.407977629636302686e+00 4.004239713791355598e-04 1.597398977369468332e-23 1.130871872008168563e-08 2.603928714572279512e-08 2.098489940189233282e-09 1.758626135255896719e+06 7.535035137386474609e+10 7.810839301075674257e+02
7.943282347242236250e+14 3.389856379115427920e-01 1.081797538541799719e+00 -1.390383450988039948e+00 2.438673473395852229e-04 7.813043643822397167e-24 6.206121165420760916e-09 1.429012208081267893e-08 1.090254709525850897e-09 1.013989860015229555e+06 7.535109601013998413e+10 9.716070921086031831e+02
8.912509381336785000e+14 3.286206256297626305e-01 1.112851307151115021e+00 -1.372605152139092732e+00 1.428564183345708304e-04 3.675672944621119909e-24 3.275946960166153440e-09 7.543146635917744436e-09 5.444229916075925879e-10 5.621427609605521429e+05 7.535154785723904419e+10 1.224675925912884168e+03
